3.294866649306179562e-01
-6.615955018282633493e-02
-9.536356796699339000e-01
5.076627792196656275e-01
-5.583300467353079499e-01
4.416160915723651298e-02
-1.732930418825096852e-01
-2.797359151319047110e-01
-3.580799879558910215e-01
1.960873366528213813e-02
-3.058691063321034714e-02
-4.166188198710310542e-01
-2.257405040866433954e-01
-1.500885285971161054e-01
-4.970103395617662678e-01
1.104411183407612296e-01
-4.901012940622961889e-01
-4.440801045071058883e-01
-3.365868731705625172e-01
-1.579851884759983505e-01
1.148907877826310306e-02
-4.666154229072711490e-01
2.907149701298772024e-02
-3.130195693287021186e-01
-4.905356958362273589e-01
-1.276841020674011506e+00
1.458957308985967538e-01
-3.889373480745990097e-01
-6.008196670361231478e-02
-5.908465819816861170e-02
2.351024486148846349e-01
2.764861513164409978e-01
-4.715319000563172880e-01
1.726575800369986591e-01
-4.687033764386130258e-02
-2.919245295051448030e-01
1.300645266579600855e-03
-3.741681708855139066e-01
3.128176060775069711e-01
-2.604174727881292117e-01
-1.105594284809037875e+00
-3.751009562529655783e-01
3.426494248760536543e-01
-3.406872123376637751e-02
-1.145861060620802785e-01
-2.622506135576145314e-01
-1.386144684045321485e-01
-6.293612345726904422e-01
1.398305103776151526e-01
5.136380147646743000e-01
-2.847910916495121070e-01
5.808999198532214248e-01
-2.003011849493633034e-01
-2.584535336228362956e-01
-9.449280967120313179e-02
1.580310180747468429e-01
1.874215623267757591e-01
1.189614710648136536e-01
4.566731741484935103e-01
-6.633678512919056747e-01
-1.354792380457263690e-01
-7.263009536449982484e-02
-1.258934258449357357e-01
2.729524180739670292e-01
5.001899775895730649e-01
2.328124534327681849e-01
3.234023688197499302e-01
-6.949004871506415937e-02
3.005420535441397090e-01
2.148445691295417792e-01
-7.161165463998907244e-02
7.908600033735896373e-01
3.342677392968733396e-02
1.252033487779737608e-01
-1.689348902373790373e-01
2.556446603966486819e-01
-4.566837532233504193e-01
-3.754746716032355547e-01
-3.277457723983005500e-01
-1.319029119994079569e-01
-1.283781675555493440e-01
-1.215701856778544573e-02
3.165067570908861039e-01
2.920727249536937409e-01
-2.737480193987611998e-01
1.525612891813614980e-01
-2.363311412806089473e-01
1.136724276694896923e-01
1.131521029943491075e-01
-3.160966384548427599e-02
-4.209448836905700375e-01
2.920362007311845809e-01
2.463816439417212956e-01
-5.270887768851375554e-01
2.902111805252833854e-01
2.961578968653763022e-01
1.293588146553087959e-01
1.141617923394665501e-01
-9.054249781757954807e-01
-4.750881096808018400e-01
-1.363431074551056110e-01
7.670023062088260346e-02
2.784996290770685445e-01
-3.342474609257093388e+00
-2.250321520059600233e-01
1.372737072552034920e-01
1.225585819889755956e-01
2.263433176380621192e-01
-4.228259888539370737e-01
-1.308656465927143242e-01
-5.093130741601590294e-01
-3.473231348436398025e-01
3.030316315301034291e-01
9.332547499589124692e-04
-5.085219557784227684e-02
-2.887850770291089386e-01
-4.009980024804067344e-01
-3.097403132101537171e-01
4.839981723117310342e-01
-6.273613099656893954e-02
-2.420241539510563367e-01
-4.022772332505439863e-01
1.446140915520532089e-01
-4.169883182264202265e-02
3.069266283360709280e-01
4.063736919738251130e-01
3.940707294111950865e-01
-1.381869508876898134e-01
2.556730832866898617e-01
-1.509543790800397245e-01
2.452288244488215474e-01
-4.541401305304088032e-02
9.250287359147071897e-02
1.809972822840475726e-01
9.437761236601618919e-02
1.554507907783015119e-01
-2.857673004161256913e-01
-1.011213472345049436e-01
-2.922884417458596062e-01
3.595605538669896517e-02
-1.722331183411572875e-01
-1.029216034737149843e-01
1.166212863718528170e-01
7.224639523241715988e-02
9.862935738672515273e-02
-3.639030175461119843e-01
-4.130258186983101765e-02
-1.397444633350195531e-01
-4.670788826441291675e-01
-2.796004605544784027e-01
1.121290173874580909e-01
2.013817740943428525e-01
4.406805616372062584e-01
-8.045155306388360877e-03
4.432492522513855060e-01
2.916231924467765912e-02
-8.882858233236247403e-02
7.572666267935438192e-03
1.772484124103402281e-01
-2.590391751569415812e-01
-5.307062433062451623e-01
-1.399984288077796568e-01
1.235615734032761981e-01
-2.127336006025592474e-01
2.399399362203646080e-01
-1.592060022037890266e-01
-3.113956560575188437e-01
-2.230599581711446289e-01
-2.016264681275712622e-01
3.779033259297738256e-01
-5.002264635757453642e-02
-3.051905493290058002e-01
2.051876912676496578e-01
-8.558024786087992108e-02
-9.601430656222456617e-02
-2.797399762812860513e-01
3.352210576473825254e-01
1.047102425287415040e-01
-1.174915902252338107e-01
-1.498272983314078988e-01
-2.340459488650083186e-01
-2.496088884712693579e-01
-3.356330632785080037e-01
-3.017588093655839132e-01
-1.863013372264371581e-01
9.872790167820894025e-02
-2.839224004312103714e-02
-8.328464577889346798e-02
-1.303426900765568362e-03
-2.658497382176254198e-01
-5.420049589167452719e-02
-3.432372366546354026e-01
1.477900304703498868e-01
2.374071693661101295e-02
4.581433260372241162e-02
5.085707489856190755e-02
2.042413877922217291e-01
9.724259125124723457e-02
3.358636247403662400e-01
-3.522950523665911993e-01
-2.444928078769941782e-01
4.735866493411971523e-01
1.165876335691430343e-01
-2.077247843430226615e-01
-5.261771401094101908e-01
-1.179819157238729266e-01
1.877975495578856346e-01
-5.518233098920433122e-02
2.322731173769078394e-01
-1.437233198221091746e-01
-2.937634454095039982e-01
1.062414552834306941e-01
-1.625715581795429687e-01
2.919813755216428830e-01
2.973860605522234968e-01
-2.087171318402727405e-01
-5.237237011662438935e-01
-2.647721137366447208e-01
8.068422595795018970e-02
-4.763482982005834421e-02
-1.101003861371674386e+00
-6.422651344319330047e-02
1.950276969577342256e-01
1.229016219487337747e-01
1.887910970838710401e-01
-2.712040005320920377e-01
1.553780712833607858e-01
5.220284527102941885e-01
3.370072919624034768e-01
2.684937027651648211e-01
-8.089303659968756222e-01
-3.357427545118536472e-01
-1.010354388866488318e+00
6.269251717365964538e-01
2.362135718956742125e-01
-4.197510203544287388e-01
-1.260547358735994092e-02
-5.047442171374973835e-02
3.814235952099900295e-01
-1.336521295556252278e-02
-3.897025818480447379e-01
-5.658241594195512203e-01
3.288687678128533465e-01
4.379812945610139091e-02
-1.492233102230487718e-01
-3.550529814112027283e-02
-2.848096809987887140e-03
9.450123288212668171e-02
-5.900890279414342660e-02
2.647456508924125318e-01
-6.218574738834683480e-01
-1.101739700878193950e+00
1.950182768862597782e-01
2.078308460569871507e-01
1.057850979444394934e-01
4.927877432197063506e-02
2.929411149722750962e-01
4.264138738953045515e-01
-2.951105223715341092e-02
4.505088815438282324e-01
-2.579768178055355174e-02
4.192994694679557516e-02
-2.638395247406970512e-01
5.043765383586117368e-01
4.032256377604210296e-01